{
  "GHZ": {
    "discord_matrix": [
      [
        0.0,
        0.0,
        0.0,
        0.0,
        0.0,
        0.0
      ],
      [
        0.0,
        0.0,
        0.0,
        0.0,
        0.0,
        0.0
      ],
      [
        0.0,
        0.0,
        0.0,
        0.0,
        0.0,
        0.0
      ],
      [
        0.0,
        0.0,
        0.0,
        0.0,
        0.0,
        0.0
      ],
      [
        0.0,
        0.0,
        0.0,
        0.0,
        0.0,
        0.0
      ],
      [
        0.0,
        0.0,
        0.0,
        0.0,
        0.0,
        0.0
      ]
    ],
    "classical_matrix": [
      [
        0.0,
        1.0,
        1.0,
        1.0,
        1.0,
        1.0
      ],
      [
        1.0,
        0.0,
        1.0,
        1.0,
        1.0,
        1.0
      ],
      [
        1.0,
        1.0,
        0.0,
        1.0,
        1.0,
        1.0
      ],
      [
        1.0,
        1.0,
        1.0,
        0.0,
        1.0,
        1.0
      ],
      [
        1.0,
        1.0,
        1.0,
        1.0,
        0.0,
        1.0
      ],
      [
        1.0,
        1.0,
        1.0,
        1.0,
        1.0,
        0.0
      ]
    ],
    "mi_matrix": [
      [
        0.0,
        1.0,
        1.0,
        1.0,
        1.0,
        1.0
      ],
      [
        1.0,
        0.0,
        1.0,
        1.0,
        1.0,
        1.0
      ],
      [
        1.0,
        1.0,
        0.0,
        1.0,
        1.0,
        1.0
      ],
      [
        1.0,
        1.0,
        1.0,
        0.0,
        1.0,
        1.0
      ],
      [
        1.0,
        1.0,
        1.0,
        1.0,
        0.0,
        1.0
      ],
      [
        1.0,
        1.0,
        1.0,
        1.0,
        1.0,
        0.0
      ]
    ],
    "quantum_fraction_matrix": [
      [
        0.0,
        0.0,
        0.0,
        0.0,
        0.0,
        0.0
      ],
      [
        0.0,
        0.0,
        0.0,
        0.0,
        0.0,
        0.0
      ],
      [
        0.0,
        0.0,
        0.0,
        0.0,
        0.0,
        0.0
      ],
      [
        0.0,
        0.0,
        0.0,
        0.0,
        0.0,
        0.0
      ],
      [
        0.0,
        0.0,
        0.0,
        0.0,
        0.0,
        0.0
      ],
      [
        0.0,
        0.0,
        0.0,
        0.0,
        0.0,
        0.0
      ]
    ],
    "mean_discord": 0.0,
    "mean_mi": 1.0,
    "mean_quantum_fraction": 0.0
  },
  "W": {
    "discord_matrix": [
      [
        0.0,
        0.2817743471766221,
        0.2817743471766221,
        0.28177434717662175,
        0.28177434717662175,
        0.28177434717662164
      ],
      [
        0.2817743471766221,
        0.0,
        0.28177434717662186,
        0.28177434717662153,
        0.28177434717662164,
        0.28177434717662164
      ],
      [
        0.2817743471766221,
        0.28177434717662186,
        0.0,
        0.28177434717662153,
        0.28177434717662164,
        0.28177434717662164
      ],
      [
        0.28177434717662175,
        0.28177434717662153,
        0.28177434717662153,
        0.0,
        0.28177434717662175,
        0.28177434717662175
      ],
      [
        0.28177434717662175,
        0.28177434717662164,
        0.28177434717662164,
        0.28177434717662175,
        0.0,
        0.28177434717662164
      ],
      [
        0.28177434717662164,
        0.28177434717662164,
        0.28177434717662164,
        0.28177434717662175,
        0.28177434717662164,
        0.0
      ]
    ],
    "classical_matrix": [
      [
        0.0,
        0.09997466206559702,
        0.09997466206559702,
        0.09997466206559691,
        0.09997466206559691,
        0.09997466206559702
      ],
      [
        0.09997466206559702,
        0.0,
        0.09997466206559702,
        0.09997466206559691,
        0.09997466206559702,
        0.09997466206559702
      ],
      [
        0.09997466206559702,
        0.09997466206559702,
        0.0,
        0.09997466206559691,
        0.09997466206559702,
        0.09997466206559702
      ],
      [
        0.09997466206559691,
        0.09997466206559691,
        0.09997466206559691,
        0.0,
        0.09997466206559691,
        0.09997466206559691
      ],
      [
        0.09997466206559691,
        0.09997466206559702,
        0.09997466206559702,
        0.09997466206559691,
        0.0,
        0.09997466206559702
      ],
      [
        0.09997466206559702,
        0.09997466206559702,
        0.09997466206559702,
        0.09997466206559691,
        0.09997466206559702,
        0.0
      ]
    ],
    "mi_matrix": [
      [
        0.0,
        0.38174900924221866,
        0.38174900924221866,
        0.38174900924221866,
        0.38174900924221866,
        0.38174900924221866
      ],
      [
        0.38174900924221866,
        0.0,
        0.3817490092422189,
        0.38174900924221866,
        0.3817490092422189,
        0.3817490092422189
      ],
      [
        0.38174900924221866,
        0.3817490092422189,
        0.0,
        0.38174900924221866,
        0.3817490092422189,
        0.3817490092422189
      ],
      [
        0.38174900924221866,
        0.38174900924221866,
        0.38174900924221866,
        0.0,
        0.38174900924221866,
        0.38174900924221866
      ],
      [
        0.38174900924221866,
        0.3817490092422189,
        0.3817490092422189,
        0.38174900924221866,
        0.0,
        0.38174900924221866
      ],
      [
        0.38174900924221866,
        0.3817490092422189,
        0.3817490092422189,
        0.38174900924221866,
        0.38174900924221866,
        0.0
      ]
    ],
    "quantum_fraction_matrix": [
      [
        0.0,
        0.7381141544701091,
        0.7381141544701091,
        0.7381141544701082,
        0.7381141544701082,
        0.738114154470108
      ],
      [
        0.7381141544701091,
        0.0,
        0.7381141544701081,
        0.7381141544701076,
        0.7381141544701075,
        0.7381141544701075
      ],
      [
        0.7381141544701091,
        0.7381141544701081,
        0.0,
        0.7381141544701076,
        0.7381141544701075,
        0.7381141544701075
      ],
      [
        0.7381141544701082,
        0.7381141544701076,
        0.7381141544701076,
        0.0,
        0.7381141544701082,
        0.7381141544701082
      ],
      [
        0.7381141544701082,
        0.7381141544701075,
        0.7381141544701075,
        0.7381141544701082,
        0.0,
        0.738114154470108
      ],
      [
        0.738114154470108,
        0.7381141544701075,
        0.7381141544701075,
        0.7381141544701082,
        0.738114154470108,
        0.0
      ]
    ],
    "mean_discord": 0.28177434717662175,
    "mean_mi": 0.3817490092422187,
    "mean_quantum_fraction": 0.7381141544701078
  },
  "Cluster": {
    "discord_matrix": [
      [
        0.0,
        0.0,
        -3.3306690738754696e-16,
        -3.3306690738754696e-16,
        -3.3306690738754696e-16,
        -3.3306690738754696e-16
      ],
      [
        0.0,
        0.0,
        -3.3306690738754696e-16,
        -3.3306690738754696e-16,
        -3.3306690738754696e-16,
        -3.3306690738754696e-16
      ],
      [
        -3.3306690738754696e-16,
        -3.3306690738754696e-16,
        0.0,
        -3.3306690738754696e-16,
        -3.3306690738754696e-16,
        -3.3306690738754696e-16
      ],
      [
        -3.3306690738754696e-16,
        -3.3306690738754696e-16,
        -3.3306690738754696e-16,
        0.0,
        -3.3306690738754696e-16,
        -3.3306690738754696e-16
      ],
      [
        -3.3306690738754696e-16,
        -3.3306690738754696e-16,
        -3.3306690738754696e-16,
        -3.3306690738754696e-16,
        0.0,
        0.0
      ],
      [
        -3.3306690738754696e-16,
        -3.3306690738754696e-16,
        -3.3306690738754696e-16,
        -3.3306690738754696e-16,
        0.0,
        0.0
      ]
    ],
    "classical_matrix": [
      [
        0.0,
        1.0000000000000002,
        1.2212453270876722e-15,
        1.2212453270876722e-15,
        1.2212453270876722e-15,
        1.2212453270876722e-15
      ],
      [
        1.0000000000000002,
        0.0,
        1.2212453270876722e-15,
        1.2212453270876722e-15,
        1.2212453270876722e-15,
        1.2212453270876722e-15
      ],
      [
        1.2212453270876722e-15,
        1.2212453270876722e-15,
        0.0,
        1.2212453270876722e-15,
        1.2212453270876722e-15,
        1.2212453270876722e-15
      ],
      [
        1.2212453270876722e-15,
        1.2212453270876722e-15,
        1.2212453270876722e-15,
        0.0,
        1.2212453270876722e-15,
        1.2212453270876722e-15
      ],
      [
        1.2212453270876722e-15,
        1.2212453270876722e-15,
        1.2212453270876722e-15,
        1.2212453270876722e-15,
        0.0,
        1.0000000000000002
      ],
      [
        1.2212453270876722e-15,
        1.2212453270876722e-15,
        1.2212453270876722e-15,
        1.2212453270876722e-15,
        1.0000000000000002,
        0.0
      ]
    ],
    "mi_matrix": [
      [
        0.0,
        1.0000000000000002,
        8.881784197001252e-16,
        8.881784197001252e-16,
        8.881784197001252e-16,
        8.881784197001252e-16
      ],
      [
        1.0000000000000002,
        0.0,
        8.881784197001252e-16,
        8.881784197001252e-16,
        8.881784197001252e-16,
        8.881784197001252e-16
      ],
      [
        8.881784197001252e-16,
        8.881784197001252e-16,
        0.0,
        8.881784197001252e-16,
        8.881784197001252e-16,
        8.881784197001252e-16
      ],
      [
        8.881784197001252e-16,
        8.881784197001252e-16,
        8.881784197001252e-16,
        0.0,
        8.881784197001252e-16,
        8.881784197001252e-16
      ],
      [
        8.881784197001252e-16,
        8.881784197001252e-16,
        8.881784197001252e-16,
        8.881784197001252e-16,
        0.0,
        1.0000000000000002
      ],
      [
        8.881784197001252e-16,
        8.881784197001252e-16,
        8.881784197001252e-16,
        8.881784197001252e-16,
        1.0000000000000002,
        0.0
      ]
    ],
    "quantum_fraction_matrix": [
      [
        0.0,
        0.0,
        0.0,
        0.0,
        0.0,
        0.0
      ],
      [
        0.0,
        0.0,
        0.0,
        0.0,
        0.0,
        0.0
      ],
      [
        0.0,
        0.0,
        0.0,
        0.0,
        0.0,
        0.0
      ],
      [
        0.0,
        0.0,
        0.0,
        0.0,
        0.0,
        0.0
      ],
      [
        0.0,
        0.0,
        0.0,
        0.0,
        0.0,
        0.0
      ],
      [
        0.0,
        0.0,
        0.0,
        0.0,
        0.0,
        0.0
      ]
    ],
    "mean_discord": -2.886579864025407e-16,
    "mean_mi": 0.13333333333333414,
    "mean_quantum_fraction": 0.0
  },
  "n_qubits": 6,
  "runtime_seconds": 12.547293901443481
}