{
  "n": 6,
  "delta_values": [
    -2.0,
    -1.8717948717948718,
    -1.7435897435897436,
    -1.6153846153846154,
    -1.4871794871794872,
    -1.358974358974359,
    -1.3,
    -1.2571428571428571,
    -1.2307692307692308,
    -1.2142857142857144,
    -1.1714285714285715,
    -1.1285714285714286,
    -1.1025641025641026,
    -1.0857142857142856,
    -1.042857142857143,
    -1.0,
    -0.9743589743589745,
    -0.9571428571428571,
    -0.9142857142857143,
    -0.8714285714285714,
    -0.8461538461538463,
    -0.8285714285714285,
    -0.7857142857142857,
    -0.7428571428571428,
    -0.7179487179487181,
    -0.7,
    -0.5897435897435899,
    -0.4615384615384617,
    -0.3333333333333335,
    -0.2051282051282053,
    -0.0769230769230771,
    0.0512820512820511,
    0.1794871794871793,
    0.3076923076923075,
    0.4358974358974357,
    0.5641025641025639,
    0.6923076923076921,
    0.7,
    0.7428571428571428,
    0.7857142857142857,
    0.8205128205128203,
    0.8285714285714285,
    0.8714285714285714,
    0.9142857142857143,
    0.9487179487179485,
    0.9571428571428571,
    1.0,
    1.042857142857143,
    1.0769230769230766,
    1.0857142857142859,
    1.1285714285714286,
    1.1714285714285715,
    1.2051282051282048,
    1.2142857142857144,
    1.2571428571428571,
    1.3,
    1.333333333333333,
    1.4615384615384612,
    1.5897435897435894,
    1.7179487179487176,
    1.8461538461538458,
    1.974358974358974,
    2.102564102564102,
    2.23076923076923,
    2.3589743589743586,
    2.4871794871794872,
    2.615384615384615,
    2.7435897435897427,
    2.8717948717948714,
    3.0
  ],
  "half_cut_entropy": [
    0.792328309566788,
    0.612649195302511,
    0.5242103363361618,
    0.950148450983618,
    0.3320456376658898,
    0.9703055162344502,
    0.5166902066598906,
    0.9370649879223205,
    0.985794292860501,
    0.12508335011495827,
    0.9749445765468052,
    0.994412896341687,
    0.8540590544345674,
    0.8008553785712398,
    0.900247406241047,
    1.6471020055954062,
    1.4226035613436179,
    1.3940743161717593,
    1.3316271364343115,
    1.280113319177298,
    1.2541588416266842,
    1.2378109379282431,
    1.2031130231547398,
    1.174630824615017,
    1.1604668464284886,
    1.151207857859671,
    1.1080572620194844,
    1.0779947240602545,
    1.0602043626956703,
    1.049270713932957,
    1.0422373002586864,
    1.0374754388428369,
    1.0340868568092827,
    1.0315795155145275,
    1.0296880356020441,
    1.0282726537371722,
    1.027261618117316,
    1.027212899372016,
    1.0269653566105652,
    1.0267577241515324,
    1.0266179817475067,
    1.026589264807323,
    1.0264593170619443,
    1.026367259907732,
    1.0263203370031737,
    1.0263124839639062,
    1.026294367966602,
    1.026312259873148,
    1.026351705931621,
    1.0263654619472808,
    1.0264532192928697,
    1.0265747113849675,
    1.026693356815207,
    1.0267290462128882,
    1.026915256702909,
    1.0271322991309704,
    1.0273217113907553,
    1.0282072591178508,
    1.0293147951523451,
    1.0306045111190627,
    1.0320335852180842,
    1.0335579922651796,
    1.0351343119921275,
    1.0367213674588536,
    1.038281578107275,
    1.0397819624998152,
    1.0411947710140714,
    1.0424977656735301,
    1.0436741909801872,
    1.0447124956697844
  ],
  "energy": [
    -2.499999999999997,
    -2.3397435897435854,
    -2.179487179487179,
    -2.019230769230769,
    -1.8589743589743535,
    -1.6987179487179467,
    -1.6249999999999971,
    -1.5714285714285685,
    -1.5384615384615352,
    -1.51785714285714,
    -1.464285714285709,
    -1.410714285714281,
    -1.378205128205121,
    -1.3571428571428552,
    -1.3035714285714204,
    -1.2499999999999993,
    -1.2567276367174607,
    -1.2615810130377065,
    -1.2747145224040546,
    -1.2891791146941587,
    -1.2982638208502904,
    -1.3048070428054348,
    -1.3214701651341065,
    -1.3390691322171526,
    -1.3496959036081388,
    -1.3575254876517906,
    -1.4085347581425163,
    -1.473462606121904,
    -1.5436548238648162,
    -1.6185272374691932,
    -1.6976338113257368,
    -1.7806197846251857,
    -1.8671967481173455,
    -1.957127199655678,
    -2.0502136956158727,
    -2.146290569053646,
    -2.2452173001637887,
    -2.2512408053379285,
    -2.284978996250236,
    -2.3190172066450376,
    -2.3468730781577123,
    -2.3533515366874216,
    -2.387978240119266,
    -2.422893709781515,
    -2.4511522905572476,
    -2.4580944640134796,
    -2.493577133887925,
    -2.52933845124402,
    -2.5579607707783176,
    -2.5653752374842864,
    -2.6016843931044575,
    -2.638262887927457,
    -2.6672126870682624,
    -2.675107752015725,
    -2.712216067236913,
    -2.749584959460616,
    -2.778827987984059,
    -2.892730340328525,
    -3.008845508412689,
    -3.1271001306301205,
    -3.247420852136513,
    -3.3697337723760774,
    -3.4939641646880535,
    -3.6200364235180618,
    -3.747874193832921,
    -3.8774006378377233,
    -4.008538796283641,
    -4.14121200547224,
    -4.275344336186802,
    -4.410861026745955
  ],
  "energy_gap": [
    -1.4210854715202004e-14,
    -2.220446049250313e-15,
    -8.881784197001252e-16,
    0.47462465370083207,
    0.3821912194370074,
    -2.220446049250313e-15,
    0.2411595777521156,
    0.20783297339645923,
    0.18713329228140552,
    0.1741225240166997,
    -3.774758283725532e-15,
    0.10556722833443133,
    -1.1102230246251565e-15,
    6.661338147750939e-16,
    1.3322676295501878e-15,
    -8.881784197001252e-16,
    0.00435438085161266,
    0.007361418615826398,
    0.015095977786559356,
    0.023133345114639603,
    0.027996058977397542,
    0.0314278210051413,
    0.039949185891665406,
    0.048676597799270915,
    0.053837414491008984,
    0.057594753832471035,
    0.08133471781252788,
    0.11021486564573846,
    0.14026067507620477,
    0.17127828099687092,
    0.20309994876786308,
    0.23558976938630538,
    0.2686462909029781,
    0.30220197292416073,
    0.3362203864694151,
    0.3706920456193752,
    0.4056295444990261,
    0.4077411830298441,
    0.4195389900030413,
    0.4313937810769115,
    0.44106248281693383,
    0.44330715338599536,
    0.4552808115135458,
    0.46731654907661846,
    0.4770325210289861,
    0.47941623106610454,
    0.4915817769893973,
    0.4881093367963514,
    0.4851566718929021,
    0.48436859481288375,
    0.4803824280538893,
    0.47617285082215144,
    0.4727196374403655,
    0.47176094636510335,
    0.46716682082493843,
    0.46240957623955703,
    0.45860833783119315,
    0.4433128496339278,
    0.4272438043300628,
    0.4107379652528227,
    0.3940667734732708,
    0.3774456284557135,
    0.3610427470367217,
    0.34498710156836365,
    0.3293752967509267,
    0.3142774191145663,
    0.2997419645419277,
    0.2857999680866632,
    0.27246845525091246,
    0.2597533198673929
  ],
  "single_qubit_entropy": [
    0.7923283095667881,
    0.6126491953025112,
    0.5242103363361618,
    0.9501484509836179,
    0.33204563766588985,
    0.9703055162344502,
    0.5166902066598906,
    0.9370649879223204,
    0.9857942928605011,
    0.12508335011495816,
    0.9749445765468053,
    0.9944128963416868,
    0.8540590544345673,
    0.8008553785712397,
    0.9002474062410473,
    0.9185489011505664,
    1.0000000000000002,
    0.9999999999999991,
    0.9999999999999992,
    1.0000000000000002,
    1.0000000000000009,
    1.0000000000000009,
    1.0,
    0.9999999999999994,
    1.0000000000000018,
    1.0000000000000009,
    1.0000000000000002,
    1.0,
    1.0000000000000016,
    1.0000000000000009,
    1.0000000000000009,
    1.000000000000001,
    1.0000000000000002,
    1.0000000000000013,
    1.0000000000000002,
    1.0000000000000002,
    1.0000000000000016,
    1.000000000000001,
    1.000000000000001,
    1.000000000000001,
    1.0000000000000002,
    1.0000000000000009,
    1.0000000000000016,
    1.0000000000000002,
    1.0000000000000002,
    1.0000000000000016,
    1.0000000000000002,
    0.9999999999999999,
    0.9999999999999999,
    1.0000000000000002,
    0.9999999999999997,
    1.0000000000000002,
    1.0000000000000009,
    0.9999999999999992,
    1.0,
    1.0000000000000002,
    1.0000000000000009,
    1.0000000000000002,
    1.0000000000000016,
    0.9999999999999997,
    1.0000000000000002,
    0.9999999999999997,
    0.9999999999999997,
    1.0000000000000002,
    1.0000000000000002,
    0.9999999999999999,
    1.0,
    0.9999999999999996,
    0.9999999999999994,
    1.0000000000000002
  ],
  "mi_matrix": [
    [
      [
        0.0,
        0.7923283095667879,
        0.7923283095667882,
        0.7923283095667881,
        0.7923283095667878,
        0.7923283095667877
      ],
      [
        0.7923283095667879,
        0.0,
        0.7923283095667881,
        0.7923283095667881,
        0.7923283095667879,
        0.7923283095667885
      ],
      [
        0.7923283095667882,
        0.7923283095667881,
        0.0,
        0.7923283095667886,
        0.7923283095667879,
        0.7923283095667881
      ],
      [
        0.7923283095667881,
        0.7923283095667881,
        0.7923283095667886,
        0.0,
        0.7923283095667878,
        0.7923283095667881
      ],
      [
        0.7923283095667878,
        0.7923283095667879,
        0.7923283095667879,
        0.7923283095667878,
        0.0,
        0.7923283095667881
      ],
      [
        0.7923283095667877,
        0.7923283095667885,
        0.7923283095667881,
        0.7923283095667881,
        0.7923283095667881,
        0.0
      ]
    ],
    [
      [
        0.0,
        0.612649195302511,
        0.6126491953025108,
        0.612649195302511,
        0.612649195302511,
        0.6126491953025113
      ],
      [
        0.612649195302511,
        0.0,
        0.6126491953025108,
        0.612649195302511,
        0.6126491953025109,
        0.6126491953025113
      ],
      [
        0.6126491953025108,
        0.6126491953025108,
        0.0,
        0.6126491953025108,
        0.612649195302511,
        0.612649195302511
      ],
      [
        0.612649195302511,
        0.612649195302511,
        0.6126491953025108,
        0.0,
        0.612649195302511,
        0.612649195302511
      ],
      [
        0.612649195302511,
        0.6126491953025109,
        0.612649195302511,
        0.612649195302511,
        0.0,
        0.612649195302511
      ],
      [
        0.6126491953025113,
        0.6126491953025113,
        0.612649195302511,
        0.612649195302511,
        0.612649195302511,
        0.0
      ]
    ],
    [
      [
        0.0,
        0.5242103363361619,
        0.5242103363361621,
        0.5242103363361619,
        0.524210336336162,
        0.5242103363361619
      ],
      [
        0.5242103363361619,
        0.0,
        0.5242103363361619,
        0.524210336336162,
        0.524210336336162,
        0.524210336336162
      ],
      [
        0.5242103363361621,
        0.5242103363361619,
        0.0,
        0.5242103363361619,
        0.5242103363361619,
        0.5242103363361619
      ],
      [
        0.5242103363361619,
        0.524210336336162,
        0.5242103363361619,
        0.0,
        0.5242103363361619,
        0.5242103363361619
      ],
      [
        0.524210336336162,
        0.524210336336162,
        0.5242103363361619,
        0.5242103363361619,
        0.0,
        0.5242103363361619
      ],
      [
        0.5242103363361619,
        0.524210336336162,
        0.5242103363361619,
        0.5242103363361619,
        0.5242103363361619,
        0.0
      ]
    ],
    [
      [
        0.0,
        0.9501484509836182,
        0.9501484509836182,
        0.9501484509836178,
        0.9501484509836182,
        0.9501484509836182
      ],
      [
        0.9501484509836182,
        0.0,
        0.9501484509836178,
        0.9501484509836176,
        0.9501484509836182,
        0.950148450983618
      ],
      [
        0.9501484509836182,
        0.9501484509836178,
        0.0,
        0.950148450983618,
        0.9501484509836182,
        0.950148450983618
      ],
      [
        0.9501484509836178,
        0.9501484509836176,
        0.950148450983618,
        0.0,
        0.9501484509836176,
        0.9501484509836178
      ],
      [
        0.9501484509836182,
        0.9501484509836182,
        0.9501484509836182,
        0.9501484509836176,
        0.0,
        0.9501484509836186
      ],
      [
        0.9501484509836182,
        0.950148450983618,
        0.950148450983618,
        0.9501484509836178,
        0.9501484509836186,
        0.0
      ]
    ],
    [
      [
        0.0,
        0.3320456376658891,
        0.3320456376658891,
        0.3320456376658892,
        0.33204563766588974,
        0.33204563766588957
      ],
      [
        0.3320456376658891,
        0.0,
        0.33204563766588946,
        0.33204563766589,
        0.33204563766589046,
        0.3320456376658897
      ],
      [
        0.3320456376658891,
        0.33204563766588946,
        0.0,
        0.33204563766588985,
        0.33204563766589046,
        0.3320456376658895
      ],
      [
        0.3320456376658892,
        0.33204563766589,
        0.33204563766588985,
        0.0,
        0.33204563766589057,
        0.3320456376658898
      ],
      [
        0.33204563766588974,
        0.33204563766589046,
        0.33204563766589046,
        0.33204563766589057,
        0.0,
        0.33204563766589024
      ],
      [
        0.33204563766588957,
        0.3320456376658897,
        0.3320456376658895,
        0.3320456376658898,
        0.33204563766589024,
        0.0
      ]
    ],
    [
      [
        0.0,
        0.97030551623445,
        0.97030551623445,
        0.9703055162344499,
        0.97030551623445,
        0.9703055162344499
      ],
      [
        0.97030551623445,
        0.0,
        0.97030551623445,
        0.9703055162344499,
        0.97030551623445,
        0.97030551623445
      ],
      [
        0.97030551623445,
        0.97030551623445,
        0.0,
        0.9703055162344503,
        0.9703055162344499,
        0.9703055162344499
      ],
      [
        0.9703055162344499,
        0.9703055162344499,
        0.9703055162344503,
        0.0,
        0.97030551623445,
        0.9703055162344499
      ],
      [
        0.97030551623445,
        0.97030551623445,
        0.9703055162344499,
        0.97030551623445,
        0.0,
        0.9703055162344499
      ],
      [
        0.9703055162344499,
        0.97030551623445,
        0.9703055162344499,
        0.9703055162344499,
        0.9703055162344499,
        0.0
      ]
    ],
    [
      [
        0.0,
        0.5166902066598906,
        0.5166902066598906,
        0.5166902066598906,
        0.5166902066598908,
        0.5166902066598908
      ],
      [
        0.5166902066598906,
        0.0,
        0.5166902066598906,
        0.5166902066598906,
        0.5166902066598906,
        0.5166902066598906
      ],
      [
        0.5166902066598906,
        0.5166902066598906,
        0.0,
        0.5166902066598906,
        0.5166902066598906,
        0.5166902066598906
      ],
      [
        0.5166902066598906,
        0.5166902066598906,
        0.5166902066598906,
        0.0,
        0.5166902066598906,
        0.5166902066598906
      ],
      [
        0.5166902066598908,
        0.5166902066598906,
        0.5166902066598906,
        0.5166902066598906,
        0.0,
        0.5166902066598908
      ],
      [
        0.5166902066598908,
        0.5166902066598906,
        0.5166902066598906,
        0.5166902066598906,
        0.5166902066598908,
        0.0
      ]
    ],
    [
      [
        0.0,
        0.9370649879223207,
        0.9370649879223207,
        0.9370649879223205,
        0.9370649879223205,
        0.9370649879223208
      ],
      [
        0.9370649879223207,
        0.0,
        0.9370649879223205,
        0.9370649879223205,
        0.937064987922321,
        0.9370649879223205
      ],
      [
        0.9370649879223207,
        0.9370649879223205,
        0.0,
        0.9370649879223205,
        0.9370649879223207,
        0.9370649879223205
      ],
      [
        0.9370649879223205,
        0.9370649879223205,
        0.9370649879223205,
        0.0,
        0.9370649879223205,
        0.9370649879223205
      ],
      [
        0.9370649879223205,
        0.937064987922321,
        0.9370649879223207,
        0.9370649879223205,
        0.0,
        0.9370649879223207
      ],
      [
        0.9370649879223208,
        0.9370649879223205,
        0.9370649879223205,
        0.9370649879223205,
        0.9370649879223207,
        0.0
      ]
    ],
    [
      [
        0.0,
        0.9857942928605012,
        0.985794292860501,
        0.985794292860501,
        0.985794292860501,
        0.985794292860501
      ],
      [
        0.9857942928605012,
        0.0,
        0.9857942928605012,
        0.9857942928605012,
        0.9857942928605012,
        0.9857942928605012
      ],
      [
        0.985794292860501,
        0.9857942928605012,
        0.0,
        0.985794292860501,
        0.985794292860501,
        0.985794292860501
      ],
      [
        0.985794292860501,
        0.9857942928605012,
        0.985794292860501,
        0.0,
        0.9857942928605008,
        0.985794292860501
      ],
      [
        0.985794292860501,
        0.9857942928605012,
        0.985794292860501,
        0.9857942928605008,
        0.0,
        0.985794292860501
      ],
      [
        0.985794292860501,
        0.9857942928605012,
        0.985794292860501,
        0.985794292860501,
        0.985794292860501,
        0.0
      ]
    ],
    [
      [
        0.0,
        0.1250833501149583,
        0.12508335011495858,
        0.12508335011495816,
        0.12508335011495825,
        0.12508335011495805
      ],
      [
        0.1250833501149583,
        0.0,
        0.12508335011495822,
        0.12508335011495816,
        0.12508335011495808,
        0.1250833501149583
      ],
      [
        0.12508335011495858,
        0.12508335011495822,
        0.0,
        0.12508335011495839,
        0.12508335011495803,
        0.12508335011495847
      ],
      [
        0.12508335011495816,
        0.12508335011495816,
        0.12508335011495839,
        0.0,
        0.1250833501149584,
        0.1250833501149582
      ],
      [
        0.12508335011495825,
        0.12508335011495808,
        0.12508335011495803,
        0.1250833501149584,
        0.0,
        0.12508335011495825
      ],
      [
        0.12508335011495805,
        0.1250833501149583,
        0.12508335011495847,
        0.1250833501149582,
        0.12508335011495825,
        0.0
      ]
    ],
    [
      [
        0.0,
        0.9749445765468052,
        0.9749445765468052,
        0.9749445765468052,
        0.9749445765468052,
        0.9749445765468052
      ],
      [
        0.9749445765468052,
        0.0,
        0.9749445765468051,
        0.9749445765468052,
        0.9749445765468052,
        0.9749445765468052
      ],
      [
        0.9749445765468052,
        0.9749445765468051,
        0.0,
        0.9749445765468052,
        0.9749445765468052,
        0.9749445765468052
      ],
      [
        0.9749445765468052,
        0.9749445765468052,
        0.9749445765468052,
        0.0,
        0.9749445765468052,
        0.9749445765468052
      ],
      [
        0.9749445765468052,
        0.9749445765468052,
        0.9749445765468052,
        0.9749445765468052,
        0.0,
        0.9749445765468052
      ],
      [
        0.9749445765468052,
        0.9749445765468052,
        0.9749445765468052,
        0.9749445765468052,
        0.9749445765468052,
        0.0
      ]
    ],
    [
      [
        0.0,
        0.9944128963416871,
        0.994412896341687,
        0.994412896341687,
        0.994412896341687,
        0.994412896341687
      ],
      [
        0.9944128963416871,
        0.0,
        0.9944128963416871,
        0.994412896341687,
        0.9944128963416871,
        0.9944128963416871
      ],
      [
        0.994412896341687,
        0.9944128963416871,
        0.0,
        0.9944128963416868,
        0.9944128963416871,
        0.994412896341687
      ],
      [
        0.994412896341687,
        0.994412896341687,
        0.9944128963416868,
        0.0,
        0.9944128963416871,
        0.994412896341687
      ],
      [
        0.994412896341687,
        0.9944128963416871,
        0.9944128963416871,
        0.9944128963416871,
        0.0,
        0.9944128963416871
      ],
      [
        0.994412896341687,
        0.9944128963416871,
        0.994412896341687,
        0.994412896341687,
        0.9944128963416871,
        0.0
      ]
    ],
    [
      [
        0.0,
        0.854059054434567,
        0.8540590544345672,
        0.854059054434567,
        0.8540590544345674,
        0.8540590544345672
      ],
      [
        0.854059054434567,
        0.0,
        0.854059054434567,
        0.854059054434567,
        0.8540590544345679,
        0.8540590544345672
      ],
      [
        0.8540590544345672,
        0.854059054434567,
        0.0,
        0.8540590544345672,
        0.8540590544345676,
        0.8540590544345674
      ],
      [
        0.854059054434567,
        0.854059054434567,
        0.8540590544345672,
        0.0,
        0.8540590544345674,
        0.8540590544345672
      ],
      [
        0.8540590544345674,
        0.8540590544345679,
        0.8540590544345676,
        0.8540590544345674,
        0.0,
        0.8540590544345676
      ],
      [
        0.8540590544345672,
        0.8540590544345672,
        0.8540590544345674,
        0.8540590544345672,
        0.8540590544345676,
        0.0
      ]
    ],
    [
      [
        0.0,
        0.8008553785712398,
        0.8008553785712398,
        0.8008553785712396,
        0.8008553785712398,
        0.8008553785712398
      ],
      [
        0.8008553785712398,
        0.0,
        0.8008553785712398,
        0.8008553785712399,
        0.8008553785712398,
        0.8008553785712398
      ],
      [
        0.8008553785712398,
        0.8008553785712398,
        0.0,
        0.8008553785712398,
        0.8008553785712398,
        0.8008553785712398
      ],
      [
        0.8008553785712396,
        0.8008553785712399,
        0.8008553785712398,
        0.0,
        0.8008553785712398,
        0.8008553785712398
      ],
      [
        0.8008553785712398,
        0.8008553785712398,
        0.8008553785712398,
        0.8008553785712398,
        0.0,
        0.8008553785712398
      ],
      [
        0.8008553785712398,
        0.8008553785712398,
        0.8008553785712398,
        0.8008553785712398,
        0.8008553785712398,
        0.0
      ]
    ],
    [
      [
        0.0,
        0.9002474062410473,
        0.9002474062410475,
        0.900247406241047,
        0.9002474062410473,
        0.9002474062410475
      ],
      [
        0.9002474062410473,
        0.0,
        0.900247406241047,
        0.9002474062410469,
        0.9002474062410473,
        0.900247406241047
      ],
      [
        0.9002474062410475,
        0.900247406241047,
        0.0,
        0.9002474062410473,
        0.9002474062410475,
        0.9002474062410475
      ],
      [
        0.900247406241047,
        0.9002474062410469,
        0.9002474062410473,
        0.0,
        0.900247406241047,
        0.9002474062410472
      ],
      [
        0.9002474062410473,
        0.9002474062410473,
        0.9002474062410475,
        0.900247406241047,
        0.0,
        0.9002474062410475
      ],
      [
        0.9002474062410475,
        0.900247406241047,
        0.9002474062410475,
        0.9002474062410472,
        0.9002474062410475,
        0.0
      ]
    ],
    [
      [
        0.0,
        0.3890989987730631,
        0.38909899877306264,
        0.3890989987730631,
        0.3890989987730631,
        0.3890989987730633
      ],
      [
        0.3890989987730631,
        0.0,
        0.38909899877306287,
        0.3890989987730631,
        0.3890989987730631,
        0.3890989987730631
      ],
      [
        0.38909899877306264,
        0.38909899877306287,
        0.0,
        0.3890989987730624,
        0.38909899877306287,
        0.38909899877306264
      ],
      [
        0.3890989987730631,
        0.3890989987730631,
        0.3890989987730624,
        0.0,
        0.3890989987730631,
        0.3890989987730631
      ],
      [
        0.3890989987730631,
        0.3890989987730631,
        0.38909899877306287,
        0.3890989987730631,
        0.0,
        0.3890989987730631
      ],
      [
        0.3890989987730633,
        0.3890989987730631,
        0.38909899877306264,
        0.3890989987730631,
        0.3890989987730631,
        0.0
      ]
    ],
    [
      [
        0.0,
        0.6610484490417208,
        0.6345844977555362,
        0.6175470228741582,
        0.6073540197928651,
        0.6075456114388147
      ],
      [
        0.6610484490417208,
        0.0,
        0.6348454573314359,
        0.6175503799961439,
        0.6072224907015185,
        0.6073540197928644
      ],
      [
        0.6345844977555362,
        0.6348454573314359,
        0.0,
        0.6287170667179951,
        0.6175503799961433,
        0.617547022874156
      ],
      [
        0.6175470228741582,
        0.6175503799961439,
        0.6287170667179951,
        0.0,
        0.6348454573314375,
        0.6345844977555375
      ],
      [
        0.6073540197928651,
        0.6072224907015185,
        0.6175503799961433,
        0.6348454573314375,
        0.0,
        0.6610484490417203
      ],
      [
        0.6075456114388147,
        0.6073540197928644,
        0.617547022874156,
        0.6345844977555375,
        0.6610484490417203,
        0.0
      ]
    ],
    [
      [
        0.0,
        0.6818960570766088,
        0.6360007119136131,
        0.6078916787584612,
        0.5898429642085219,
        0.5903491994492858
      ],
      [
        0.6818960570766088,
        0.0,
        0.636688745301262,
        0.6078587017870278,
        0.5894783490104891,
        0.5898429642085223
      ],
      [
        0.6360007119136131,
        0.636688745301262,
        0.0,
        0.6287369909605154,
        0.6078587017870274,
        0.6078916787584607
      ],
      [
        0.6078916787584612,
        0.6078587017870278,
        0.6287369909605154,
        0.0,
        0.6366887453012611,
        0.6360007119136144
      ],
      [
        0.5898429642085219,
        0.5894783490104891,
        0.6078587017870274,
        0.6366887453012611,
        0.0,
        0.6818960570766075
      ],
      [
        0.5903491994492858,
        0.5898429642085223,
        0.6078916787584607,
        0.6360007119136144,
        0.6818960570766075,
        0.0
      ]
    ],
    [
      [
        0.0,
        0.7313560443234015,
        0.6336185210742016,
        0.5816861204603625,
        0.5434606767376389,
        0.5452281910671384
      ],
      [
        0.7313560443234015,
        0.0,
        0.6360394049029543,
        0.5812953331905755,
        0.5420899647470039,
        0.5434606767376384
      ],
      [
        0.6336185210742016,
        0.6360394049029543,
        0.0,
        0.630883367063263,
        0.5812953331905759,
        0.5816861204603625
      ],
      [
        0.5816861204603625,
        0.5812953331905755,
        0.630883367063263,
        0.0,
        0.6360394049029552,
        0.6336185210742009
      ],
      [
        0.5434606767376389,
        0.5420899647470039,
        0.5812953331905759,
        0.6360394049029552,
        0.0,
        0.7313560443234031
      ],
      [
        0.5452281910671384,
        0.5434606767376384,
        0.5816861204603625,
        0.6336185210742009,
        0.7313560443234031,
        0.0
      ]
    ],
    [
      [
        0.0,
        0.7773342958626479,
        0.6251044290936549,
        0.55537561313733,
        0.49788190544055344,
        0.5013680472615336
      ],
      [
        0.7773342958626479,
        0.0,
        0.629947407687125,
        0.5542028420084255,
        0.4950650657567759,
        0.4978819054405532
      ],
      [
        0.6251044290936549,
        0.629947407687125,
        0.0,
        0.6364790550227435,
        0.5542028420084255,
        0.5553756131373295
      ],
      [
        0.55537561313733,
        0.5542028420084255,
        0.6364790550227435,
        0.0,
        0.6299474076871245,
        0.625104429093656
      ],
      [
        0.49788190544055344,
        0.4950650657567759,
        0.5542028420084255,
        0.6299474076871245,
        0.0,
        0.7773342958626492
      ],
      [
        0.5013680472615336,
        0.4978819054405532,
        0.5553756131373295,
        0.625104429093656,
        0.7773342958626492,
        0.0
      ]
    ],
    [
      [
        0.0,
        0.8029116143789721,
        0.6180513620139978,
        0.5404659176719551,
        0.4724221751198536,
        0.47705020559142675
      ],
      [
        0.8029116143789721,
        0.0,
        0.6245398435772067,
        0.5386501356973155,
        0.46862415761628484,
        0.4724221751198536
      ],
      [
        0.6180513620139978,
        0.6245398435772067,
        0.0,
        0.6413620348335232,
        0.5386501356973148,
        0.5404659176719551
      ],
      [
        0.5404659176719551,
        0.5386501356973155,
        0.6413620348335232,
        0.0,
        0.6245398435772072,
        0.6180513620139969
      ],
      [
        0.4724221751198536,
        0.46862415761628484,
        0.5386501356973148,
        0.6245398435772072,
        0.0,
        0.8029116143789703
      ],
      [
        0.47705020559142675,
        0.4724221751198536,
        0.5404659176719551,
        0.6180513620139969,
        0.8029116143789703,
        0.0
      ]
    ],
    [
      [
        0.0,
        0.8200783941373391,
        0.6124674436855533,
        0.5304428444283755,
        0.4554645331728864,
        0.4609213710234734
      ],
      [
        0.8200783941373391,
        0.0,
        0.6201672818696244,
        0.5281112963744168,
        0.4509497416011268,
        0.4554645331728877
      ],
      [
        0.6124674436855533,
        0.6201672818696244,
        0.0,
        0.6454034225742156,
        0.528111296374417,
        0.5304428444283755
      ],
      [
        0.5304428444283755,
        0.5281112963744168,
        0.6454034225742156,
        0.0,
        0.6201672818696253,
        0.6124674436855537
      ],
      [
        0.4554645331728864,
        0.4509497416011268,
        0.528111296374417,
        0.6201672818696253,
        0.0,
        0.8200783941373384
      ],
      [
        0.4609213710234734,
        0.4554645331728877,
        0.5304428444283755,
        0.6124674436855537,
        0.8200783941373384,
        0.0
      ]
    ],
    [
      [
        0.0,
        0.8599427333690874,
        0.5970814595798855,
        0.5072843474135045,
        0.41683268285115616,
        0.42437241333164644
      ],
      [
        0.8599427333690874,
        0.0,
        0.6078860576191509,
        0.5035025404689797,
        0.41051251247102427,
        0.41683268285115616
      ],
      [
        0.5970814595798855,
        0.6078860576191509,
        0.0,
        0.657263877022066,
        0.5035025404689797,
        0.5072843474135047
      ],
      [
        0.5072843474135045,
        0.5035025404689797,
        0.657263877022066,
        0.0,
        0.60788605761915,
        0.5970814595798852
      ],
      [
        0.41683268285115616,
        0.41051251247102427,
        0.5035025404689797,
        0.60788605761915,
        0.0,
        0.859942733369085
      ],
      [
        0.42437241333164644,
        0.41683268285115616,
        0.5072843474135047,
        0.5970814595798852,
        0.859942733369085,
        0.0
      ]
    ],
    [
      [
        0.0,
        0.8972808822217442,
        0.5799085798493169,
        0.4858889215267115,
        0.3819514716420438,
        0.3915916661694909
      ],
      [
        0.8972808822217442,
        0.0,
        0.5939297993480785,
        0.48045188022821206,
        0.3738207453639415,
        0.38195147164204335
      ],
      [
        0.5799085798493169,
        0.5939297993480785,
        0.0,
        0.6716105448948735,
        0.4804518802282116,
        0.48588892152671104
      ],
      [
        0.4858889215267115,
        0.48045188022821206,
        0.6716105448948735,
        0.0,
        0.5939297993480781,
        0.5799085798493155
      ],
      [
        0.3819514716420438,
        0.3738207453639415,
        0.4804518802282116,
        0.5939297993480781,
        0.0,
        0.8972808822217442
      ],
      [
        0.3915916661694909,
        0.38195147164204335,
        0.48588892152671104,
        0.5799085798493155,
        0.8972808822217442,
        0.0
      ]
    ],
    [
      [
        0.0,
        0.9179461146339334,
        0.5693861165618492,
        0.4742048215382284,
        0.36329598954265174,
        0.3741389753659301
      ],
      [
        0.9179461146339334,
        0.0,
        0.5852883399280715,
        0.46774198663510935,
        0.3541388280360622,
        0.36329598954265174
      ],
      [
        0.5693861165618492,
        0.5852883399280715,
        0.0,
        0.6809175717003482,
        0.46774198663510913,
        0.47420482153822907
      ],
      [
        0.4742048215382284,
        0.46774198663510935,
        0.6809175717003482,
        0.0,
        0.5852883399280713,
        0.5693861165618483
      ],
      [
        0.36329598954265174,
        0.3541388280360622,
        0.46774198663510913,
        0.5852883399280713,
        0.0,
        0.9179461146339352
      ],
      [
        0.3741389753659301,
        0.36329598954265174,
        0.47420482153822907,
        0.5693861165618483,
        0.9179461146339352,
        0.0
      ]
    ],
    [
      [
        0.0,
        0.9324039675573212,
        0.5616336830317701,
        0.46610113651269813,
        0.3505424038785143,
        0.36223719072046734
      ],
      [
        0.9324039675573212,
        0.0,
        0.5788857558204077,
        0.4588793416750392,
        0.3406644978176647,
        0.35054240387851454
      ],
      [
        0.5616336830317701,
        0.5788857558204077,
        0.0,
        0.6880079534463737,
        0.4588793416750385,
        0.4661011365126986
      ],
      [
        0.46610113651269813,
        0.4588793416750392,
        0.6880079534463737,
        0.0,
        0.5788857558204068,
        0.5616336830317705
      ],
      [
        0.3505424038785143,
        0.3406644978176647,
        0.4588793416750385,
        0.5788857558204068,
        0.0,
        0.9324039675573217
      ],
      [
        0.36223719072046734,
        0.35054240387851454,
        0.4661011365126986,
        0.5616336830317705,
        0.9324039675573217,
        0.0
      ]
    ],
    [
      [
        0.0,
        1.0142544341499313,
        0.5126659213618536,
        0.4212708298379926,
        0.28325837746845384,
        0.2997756370993776
      ],
      [
        1.0142544341499313,
        0.0,
        0.5378702190641529,
        0.4092566478237789,
        0.2694332754544868,
        0.28325837746845406
      ],
      [
        0.5126659213618536,
        0.5378702190641529,
        0.0,
        0.7369447640461186,
        0.40925664782378,
        0.42127082983799236
      ],
      [
        0.4212708298379926,
        0.4092566478237789,
        0.7369447640461186,
        0.0,
        0.5378702190641531,
        0.5126659213618536
      ],
      [
        0.28325837746845384,
        0.2694332754544868,
        0.40925664782378,
        0.5378702190641531,
        0.0,
        1.0142544341499309
      ],
      [
        0.2997756370993776,
        0.28325837746845406,
        0.42127082983799236,
        0.5126659213618536,
        1.0142544341499309,
        0.0
      ]
    ],
    [
      [
        0.0,
        1.096888461680305,
        0.4568745593130059,
        0.37739218914196293,
        0.22389913643608006,
        0.24491559516061212
      ],
      [
        1.096888461680305,
        0.0,
        0.4901323457539286,
        0.36007106033728875,
        0.20668924375088604,
        0.22389913643607984
      ],
      [
        0.4568745593130059,
        0.4901323457539286,
        0.0,
        0.8005026214985111,
        0.36007106033728853,
        0.37739218914196293
      ],
      [
        0.37739218914196293,
        0.36007106033728875,
        0.8005026214985111,
        0.0,
        0.49013234575392817,
        0.456874559313007
      ],
      [
        0.22389913643608006,
        0.20668924375088604,
        0.36007106033728853,
        0.49013234575392817,
        0.0,
        1.0968884616803054
      ],
      [
        0.24491559516061212,
        0.22389913643607984,
        0.37739218914196293,
        0.456874559313007,
        1.0968884616803054,
        0.0
      ]
    ],
    [
      [
        0.0,
        1.1683737883522176,
        0.40564352697572525,
        0.33994306310143285,
        0.179020393018396,
        0.20331960621266587
      ],
      [
        1.1683737883522176,
        0.0,
        0.4454557871705891,
        0.3180125285554043,
        0.15963883133072576,
        0.179020393018396
      ],
      [
        0.40564352697572525,
        0.4454557871705891,
        0.0,
        0.8654099952605732,
        0.3180125285554043,
        0.33994306310143285
      ],
      [
        0.33994306310143285,
        0.3180125285554043,
        0.8654099952605732,
        0.0,
        0.44545578717059,
        0.4056435269757255
      ],
      [
        0.179020393018396,
        0.15963883133072576,
        0.3180125285554043,
        0.44545578717059,
        0.0,
        1.1683737883522176
      ],
      [
        0.20331960621266587,
        0.179020393018396,
        0.33994306310143285,
        0.4056435269757255,
        1.1683737883522176,
        0.0
      ]
    ],
    [
      [
        0.0,
        1.230041650515222,
        0.3603593104854421,
        0.30758838465306937,
        0.14455724658382363,
        0.17109263984552814
      ],
      [
        1.230041650515222,
        0.0,
        0.40532109819502526,
        0.28184787084938234,
        0.12396190214233727,
        0.14455724658382385
      ],
      [
        0.3603593104854421,
        0.40532109819502526,
        0.0,
        0.9275166403415755,
        0.28184787084938256,
        0.3075883846530698
      ],
      [
        0.30758838465306937,
        0.28184787084938234,
        0.9275166403415755,
        0.0,
        0.4053210981950248,
        0.3603593104854421
      ],
      [
        0.14455724658382363,
        0.12396190214233727,
        0.28184787084938256,
        0.4053210981950248,
        0.0,
        1.2300416505152216
      ],
      [
        0.17109263984552814,
        0.14455724658382385,
        0.3075883846530698,
        0.3603593104854421,
        1.2300416505152216,
        0.0
      ]
    ],
    [
      [
        0.0,
        1.2827440956765694,
        0.32135528128525914,
        0.2796376294432872,
        0.11779462003737717,
        0.14574719564547722
      ],
      [
        1.2827440956765694,
        0.0,
        0.37026990983448504,
        0.2508389535827398,
        0.09667311155546177,
        0.1177946200373774
      ],
      [
        0.32135528128525914,
        0.37026990983448504,
        0.0,
        0.9841751981857314,
        0.2508389535827402,
        0.27963762944328696
      ],
      [
        0.2796376294432872,
        0.2508389535827398,
        0.9841751981857314,
        0.0,
        0.37026990983448527,
        0.3213552812852587
      ],
      [
        0.11779462003737717,
